1 0.576562 0.611458 0.037500 0.039583
1 0.739844 0.498958 0.010937 0.035417
1 0.479687 0.496875 0.018750 0.035417
1 0.525781 0.393750 0.007812 0.037500
1 0.351562 0.661458 0.037500 0.043750
0 0.908594 0.242708 0.082812 0.043750
4 0.800781 0.220833 0.020313 0.025000
0 0.734375 0.150000 0.025000 0.033333
4 0.851562 0.212500 0.018750 0.020833
3 0.772656 0.183333 0.020313 0.025000
3 0.794531 0.180208 0.020313 0.018750
3 0.763281 0.154167 0.026562 0.029167
4 0.825781 0.182292 0.020313 0.022917
3 0.910937 0.205208 0.025000 0.022917
0 0.933594 0.213542 0.042188 0.031250
